first random, white mid
1: 481,270,473,200,573,345,449,192,459

random, blue mid
2: 525,362,150,238,185,3c12,431,544,228

random, white mid, with sticker
3: 307,356,346,256,174,351,432,226,319

random, yellow mid
4: 522,510,339,218,368,344,360,178,187

red
5: 312,236,208,395,308,247,531,395,309

white
6: 607,602,555,639,|278|,621,650,634,637

orange
7: 338,319,317,338,327,336,391,329,344

yellow
8: 421,407,391,443,433,431,516,485,449

blue
9: 331,247,219,461,421,306,625,596,386

green
10: 325,215,188,467,357,257,518,540,346

red and orange
11: 341,257,214,407,331,247,538,456,375

dark red
12: 173,164,174,193,179,164,258,183,178

dark yellow
13: 365,339,328,361,353,330,360,351,352

dark orange
14: 309,292,297,311,297,296,314,292,299

dark white
15: 535,526,519,553,|163|,525,535,543,540

dark blue
16: 205,203,202,292,226,192,296,243,188

dark green
17: 168,163,156,190,176,158,236,179,170
